format_version = 1
bake_hash = "ab9eca22b2d2c666682831d87f15b569837828bcfc06c0e201a97aecbbfa2ea9"
world_size_m = [25600.0, 25600.0]
tile_size = 128
cell_size_m = 5.0
tiles = [40, 40]
height_encoding = "u16"
height_min_m = -11.643473625183105
height_max_m = 410.9867858886719
sea_level_m = 0.0
