format_version = 1
bake_hash = "fd5c5e4395806aa7414eeea3edcbef005c90df78faf3ae5454dd9b69fcd6ed70"
world_size_m = [6400.0, 6400.0]
tile_size = 256
cell_size_m = 25.0
tiles = [1, 1]
height_encoding = "u16"
height_min_m = -0.5000081658363342
height_max_m = 33.300758361816406
sea_level_m = -50.0
