format_version = 1
bake_hash = "7d813b3e4760d94cde943c333a21c459c75e3991f5051a3d240eac1d5e79d4a7"
world_size_m = [6400.0, 6400.0]
tile_size = 256
cell_size_m = 25.0
tiles = [1, 1]
height_encoding = "u16"
height_min_m = -0.5000081658363342
height_max_m = 33.300758361816406
sea_level_m = -50.0
