format_version = 1
bake_hash = "5b5d9f8c8a442aa89975b71968cb77158324189042c0f92731c42d91ee7a8b20"
world_size_m = [6400.0, 6400.0]
tile_size = 256
cell_size_m = 25.0
tiles = [1, 1]
height_encoding = "u16"
height_min_m = -18.82015609741211
height_max_m = 110.81363677978516
sea_level_m = -25.0
